6903	6903.1	11204	11204.1	12431	20732	20732.1	29375	29668	36481	37871	39218	39218.1	41281	41281.1	41281.2	42559	42559.1	46067	46146	46453	46453.1	47553	48009	48380	48380.1	48380.2	52588	52588.1	52588.2	53431	53431.1	57548	57548.1	58069	59055	59055.1	59055.2	59055.3	59055.4	59055.5	65078	65078.1	65078.2	69285	71923	71923.1	72030	72030.1	72522	72522.1	72522.2	72522.3	72825	72825.1	72825.2	73001	73001.1	73001.2	73001.3	74703	74703.1	74803	74803.1	74803.2	75555	75555.1	77416	100337	100337.1	102916	102916.1	102916.2	102916.3	103717	103717.1	103717.2	103935	103935.1	103935.2	103935.3	104166	110509	110509.1	110509.2	110509.3
BM288	2	2	0	1	2	0	1	0	0	0	0	2	0	1	0	2	2	2	0	0	0	0	2	2	0	0	0	0	0	0	0	0	0	0	0	0	0	0	0	2	2	0	0	9	0	0	0	1	0	0	0	2	0	2	2	2	0	0	9	0	2	2	0	0	0	2	0	2	0	2	0	0	0	9	1	0	2	0	0	0	2	0	0	2	0	2
GN71	2	2	0	0	9	0	0	0	0	0	1	0	2	2	2	2	0	0	0	0	2	0	2	2	0	0	0	0	0	0	0	0	0	0	0	0	0	2	0	0	0	0	2	9	0	9	9	0	0	0	0	2	0	0	0	0	0	2	9	0	0	2	0	0	1	2	0	0	0	0	0	0	0	9	0	0	2	2	0	0	2	0	0	2	0	2
H1907	0	0	0	2	0	0	0	2	2	2	0	0	0	0	0	0	0	0	0	0	0	2	0	0	0	2	0	0	2	2	0	0	0	2	0	2	2	0	2	0	0	2	9	9	1	0	2	0	0	2	0	0	0	2	0	0	2	0	9	2	0	0	2	2	0	0	0	2	0	0	0	2	0	0	0	0	0	0	2	2	0	0	0	0	0	2
H1911	0	0	0	2	0	2	0	2	2	2	0	0	0	1	0	0	0	0	0	0	0	1	0	0	0	2	0	2	2	2	0	0	0	2	0	2	2	0	2	0	0	2	9	9	1	0	2	0	0	2	0	0	0	2	0	1	2	0	9	2	0	0	1	1	0	0	0	2	0	0	0	0	0	9	0	0	0	0	2	2	0	0	0	0	0	2
H2546	0	0	0	2	0	2	0	2	2	2	0	0	0	1	0	0	0	0	0	0	0	2	0	0	0	2	0	2	2	2	0	0	0	1	0	2	2	0	2	0	0	2	9	9	1	0	2	0	0	2	0	0	0	2	1	0	2	0	9	2	0	0	1	1	0	0	0	2	0	0	0	2	0	1	0	0	0	0	2	2	0	0	0	0	0	2
IBSPCRIB0361	9	9	2	0	0	0	0	0	0	0	2	0	2	0	2	0	0	0	2	2	0	2	0	2	2	0	2	0	0	0	2	2	2	0	2	9	9	9	9	9	9	0	0	9	0	2	0	2	0	0	2	0	2	0	0	0	0	2	9	0	0	2	0	0	0	0	2	9	0	2	2	0	2	9	0	2	0	0	0	0	0	0	2	0	2	0
ICST764	1	0	1	0	0	0	0	0	0	2	2	1	1	0	2	0	0	0	1	2	0	2	0	2	1	0	1	0	2	0	2	2	2	0	2	0	0	2	0	0	0	0	2	9	0	9	9	0	2	0	2	0	2	0	0	0	0	1	9	0	0	2	0	0	0	0	2	0	0	2	2	0	2	9	2	0	2	2	0	0	2	0	1	0	1	0
JFT459	0	0	2	0	0	0	0	0	0	0	2	0	2	0	2	0	0	0	2	2	0	2	0	2	2	0	2	0	0	0	2	2	2	0	2	0	0	2	0	0	0	0	0	9	0	0	0	2	0	0	2	0	2	0	0	0	0	2	9	0	0	2	0	0	1	0	2	0	0	2	1	0	2	9	0	2	0	0	0	0	0	9	2	0	2	0
JFT773	0	0	2	0	0	0	0	0	0	0	2	0	2	1	1	1	0	0	2	2	0	2	0	2	2	0	2	0	0	0	2	2	2	0	2	0	0	2	0	0	0	0	2	9	0	0	0	2	0	0	2	0	2	0	0	0	0	2	9	0	0	2	0	0	2	0	2	0	0	2	0	0	2	9	0	2	0	0	0	0	0	0	2	0	2	0
LG1299	0	0	2	0	0	0	1	0	0	0	2	0	2	0	2	0	0	0	2	2	0	2	0	2	1	0	1	0	0	0	2	2	2	0	2	0	0	2	0	0	0	0	0	9	0	2	0	2	0	0	2	0	2	0	0	0	0	2	9	0	0	2	0	0	1	0	2	0	0	2	0	0	2	9	0	2	0	0	0	0	0	0	2	0	2	0
LSUMZH12577	0	0	0	2	0	9	9	2	2	2	9	0	0	9	9	9	0	0	9	0	0	0	0	9	9	9	9	9	9	9	9	9	9	9	9	2	2	0	2	0	0	2	9	9	2	9	9	9	9	9	9	9	9	2	0	0	2	0	9	2	0	0	0	0	0	0	0	9	0	0	9	9	9	9	0	0	0	9	9	9	9	0	9	9	9	9
LSUMZH12751	0	0	0	2	0	0	0	2	2	2	0	0	0	2	0	0	0	0	0	0	0	0	0	0	0	2	0	2	2	2	0	0	0	0	0	2	2	0	2	0	0	2	9	9	0	0	0	0	0	2	0	0	0	2	0	0	2	0	9	2	0	0	2	0	0	0	0	2	0	0	9	9	9	9	0	0	0	0	0	0	0	0	0	0	0	9
LSUMZH13910	2	0	0	0	0	0	0	1	0	0	0	0	2	0	0	0	2	2	0	0	0	0	2	0	0	0	0	0	2	0	0	0	0	0	0	0	0	0	0	2	2	0	0	9	0	0	0	0	0	0	1	1	1	9	9	9	0	0	9	0	0	0	0	0	0	2	0	0	2	0	0	0	0	9	0	0	2	2	0	0	0	0	0	1	0	1
LSUMZH14100	0	0	0	2	0	2	0	2	2	2	0	0	0	1	0	0	0	0	0	0	0	2	0	0	0	2	0	0	2	2	0	0	0	2	0	2	2	0	2	0	0	2	9	9	0	0	0	0	0	2	0	0	0	2	0	0	2	0	9	2	0	0	2	2	0	0	0	2	0	0	0	2	0	9	0	0	1	0	2	2	0	0	1	0	0	1
LSUMZH14336	2	2	2	0	2	0	0	0	0	0	1	2	0	2	1	2	1	1	0	0	1	0	1	1	0	0	2	0	0	0	0	0	0	0	0	0	0	2	0	0	0	0	2	9	1	0	0	2	0	0	2	0	2	1	1	1	0	2	1	0	2	0	0	0	0	2	0	0	1	1	0	0	0	9	0	1	1	2	0	0	2	0	1	1	1	1
LSUMZH15476	0	0	0	2	0	2	0	2	2	2	0	9	9	0	0	0	0	0	0	0	0	2	0	0	0	2	0	0	2	2	0	0	0	2	0	2	2	0	2	0	0	2	9	9	0	0	0	0	0	2	0	0	0	2	0	0	0	0	9	0	0	0	2	2	0	0	0	2	0	0	0	1	0	9	0	0	1	0	2	2	0	9	0	0	0	2
MPEG20846	1	1	0	0	2	0	1	2	2	0	0	0	2	2	2	0	2	2	0	0	0	0	1	2	0	0	0	0	0	0	0	0	1	0	0	0	0	0	0	2	2	0	9	9	9	0	0	0	1	0	0	2	0	0	0	0	0	0	9	0	1	1	0	0	1	2	0	0	1	0	0	0	0	9	2	0	2	2	0	0	2	1	9	9	9	9
MPEG21348	0	0	0	2	0	2	0	2	2	2	0	0	0	0	0	0	0	0	0	0	0	2	0	0	0	2	0	2	2	2	0	0	0	2	0	2	2	0	2	0	0	2	9	9	0	0	2	0	0	2	0	0	0	2	0	0	2	0	9	1	0	0	0	0	0	9	9	2	9	9	0	0	0	9	0	0	0	0	2	2	0	0	0	0	0	2
MPEG22415	2	2	0	0	2	0	2	0	2	2	9	2	0	2	0	2	2	2	9	0	2	0	2	0	9	9	9	0	2	0	0	2	0	0	9	0	0	2	0	0	0	9	9	9	2	0	0	0	2	9	9	9	9	2	2	2	0	0	9	0	0	2	0	0	0	0	0	2	0	0	0	0	0	9	0	0	2	2	0	0	2	2	9	9	9	9
MPEG24758	2	2	1	1	2	0	2	2	0	2	0	2	0	0	0	2	2	2	2	0	1	0	2	0	0	0	0	0	2	0	0	0	0	0	0	0	0	0	0	2	2	0	0	9	1	0	0	0	2	0	0	2	0	9	9	9	0	0	9	0	2	0	0	0	0	2	1	0	0	1	0	0	0	9	2	0	2	2	0	0	2	2	0	0	0	9
MPEG26102	9	9	9	9	2	0	2	2	2	2	0	9	9	0	2	0	2	2	0	9	2	0	2	0	9	9	9	0	2	0	9	9	0	0	9	0	0	0	0	2	2	0	0	9	2	0	0	0	0	0	0	2	0	1	1	1	0	0	9	0	2	0	2	2	0	2	0	2	9	9	0	0	1	9	2	0	2	9	9	9	9	2	0	0	9	0
MPEG28489	2	1	0	0	2	0	9	2	1	0	0	1	1	1	1	2	2	2	0	0	0	0	1	0	0	0	0	0	1	0	0	1	2	0	0	0	0	0	0	2	2	0	9	9	2	0	0	0	0	0	0	2	0	1	0	1	0	0	9	0	1	1	0	0	0	2	0	0	1	0	0	0	0	9	2	0	2	2	0	0	2	0	0	1	0	9
MPEG29314	1	0	0	2	2	0	1	2	0	0	0	2	0	1	0	2	2	1	0	0	0	0	2	0	0	0	1	0	1	0	0	0	1	0	0	0	0	2	0	0	0	0	0	9	1	0	0	0	2	0	1	1	1	1	1	1	0	1	9	0	1	1	0	0	0	2	0	0	0	1	0	0	1	9	1	0	1	2	0	0	2	0	0	0	0	1
MPEG29943	2	2	0	0	9	0	1	1	0	0	1	2	0	0	1	1	1	1	0	0	1	0	1	0	0	1	0	0	0	0	0	0	0	0	0	9	9	9	9	9	9	0	0	9	0	0	0	0	0	0	2	0	2	1	1	1	0	2	9	0	0	2	0	0	0	2	0	0	0	0	0	0	0	9	0	0	2	2	0	0	2	0	0	2	0	2
MTR05978	0	0	2	0	0	0	0	0	0	0	2	0	2	0	2	0	0	0	2	2	0	2	0	2	1	0	2	0	0	0	2	2	2	0	2	0	0	2	0	0	0	0	0	9	0	1	0	1	1	0	2	0	2	0	0	0	0	2	9	0	0	2	0	0	2	0	2	0	0	2	2	0	2	9	0	2	0	0	0	0	0	0	2	0	2	0
MTR12338	0	0	2	0	0	0	0	0	0	0	2	2	0	0	2	0	0	0	2	2	0	1	0	2	9	9	9	0	0	0	2	2	2	0	2	0	0	2	0	0	0	0	0	9	0	0	0	2	0	0	2	0	2	0	0	0	0	2	9	0	0	2	0	0	1	0	2	0	0	2	0	0	2	9	0	2	0	0	0	0	0	0	2	0	2	0
MTR12511	0	0	2	0	0	0	0	0	0	0	2	2	0	0	2	0	0	0	2	2	0	2	0	2	2	0	2	0	0	0	2	2	2	0	2	0	0	2	0	0	0	0	0	9	0	1	0	2	0	0	2	0	2	0	0	0	0	2	9	0	0	2	0	0	2	0	2	0	0	2	0	0	2	9	0	2	0	0	0	0	0	0	2	0	2	0
MTR15267	0	0	2	0	0	0	0	0	0	0	2	0	2	0	2	0	0	0	2	2	0	2	0	2	2	0	2	0	0	0	2	2	2	0	2	0	0	2	0	0	0	0	0	9	0	2	0	2	0	0	2	0	2	0	0	0	0	2	9	0	0	2	0	0	2	0	2	0	0	2	0	0	2	9	0	2	0	0	0	0	0	0	2	0	2	0
MTR17744	0	0	2	0	0	0	0	0	0	0	2	0	2	1	1	1	0	0	2	2	0	2	0	2	2	0	2	0	0	0	2	2	2	0	2	0	0	2	0	0	0	0	2	2	0	0	0	2	0	0	2	0	2	0	0	0	9	9	9	9	0	2	0	0	0	0	2	0	0	2	0	0	2	9	0	2	0	0	0	0	0	0	2	0	2	0
MTR18550	0	0	0	1	0	2	0	2	2	2	0	0	0	0	0	0	0	0	0	0	0	1	0	0	0	0	0	1	2	2	0	0	0	2	0	2	2	0	2	0	0	2	9	9	1	1	0	0	0	2	0	0	0	2	0	0	0	0	9	0	0	0	0	0	0	0	0	2	0	0	0	2	0	9	0	0	1	1	1	1	0	9	0	0	0	2
MTR20798	0	2	2	0	0	0	0	0	0	0	2	1	1	0	0	0	2	0	2	1	9	9	0	2	0	0	2	0	0	0	2	2	2	0	2	0	0	2	0	0	0	0	2	0	0	2	0	2	0	0	2	0	2	0	0	0	0	2	9	0	0	0	0	0	1	0	2	0	0	2	0	0	2	9	1	1	1	1	0	0	1	0	1	0	1	0
MTR21474	9	9	1	1	9	0	9	2	9	0	9	9	9	9	9	9	1	0	0	0	0	1	2	9	0	0	0	0	0	0	9	9	9	0	0	0	0	0	0	2	2	9	9	9	9	9	0	0	2	0	1	1	1	2	2	2	0	0	9	0	9	9	9	9	0	0	1	1	9	9	0	0	0	9	0	2	0	9	9	9	9	0	0	0	0	0
MTR21545	0	0	2	0	0	0	0	0	0	0	2	1	1	0	2	0	0	0	2	2	0	1	0	2	2	0	2	0	0	0	2	2	2	0	2	0	0	2	0	0	0	0	0	9	0	0	0	2	0	0	2	0	2	0	0	0	0	2	9	0	0	2	0	0	2	0	2	0	0	2	0	0	2	9	0	2	0	0	0	0	0	0	2	0	2	0
MTR25584	0	0	0	2	0	2	0	2	2	2	0	0	0	0	0	0	0	0	0	0	0	0	0	0	0	2	0	2	2	2	0	0	0	2	0	2	2	0	2	0	0	2	9	9	0	0	2	0	0	2	0	0	0	2	0	0	2	0	9	2	0	0	0	0	0	0	0	2	0	0	0	0	0	9	0	0	0	0	2	2	0	0	0	0	0	2
MTR28048	2	2	0	0	2	0	1	2	0	0	0	2	0	0	2	0	0	0	1	0	2	0	2	0	0	0	0	0	1	0	0	0	0	0	0	0	0	0	0	2	2	0	0	9	1	0	0	0	2	0	1	1	1	0	0	0	0	0	9	0	1	0	0	0	0	1	0	1	2	0	0	0	0	9	2	0	2	2	0	0	2	2	0	2	0	2
MTR28401	2	1	0	0	0	0	0	0	0	0	0	0	2	9	9	9	2	2	1	0	0	1	1	0	0	0	0	0	2	0	0	0	0	0	0	0	0	0	0	2	2	0	9	9	1	0	0	0	0	0	0	2	0	9	9	9	0	0	9	0	0	1	1	2	0	2	0	0	1	0	0	0	0	9	0	0	2	2	0	0	0	0	0	0	0	0
MTR28593	2	0	0	0	0	0	1	1	0	0	0	0	2	0	0	0	2	2	0	0	0	1	2	0	0	0	0	0	2	0	0	0	1	0	0	0	0	0	0	2	2	0	0	9	0	0	0	0	0	0	0	2	0	9	9	9	0	0	9	0	0	0	0	0	0	2	0	0	0	2	0	0	0	9	0	0	2	2	0	0	9	0	0	0	9	0
MTR34227	0	0	2	0	0	0	0	0	0	0	2	0	2	0	2	0	0	0	1	2	0	2	0	2	2	0	2	0	0	0	2	2	2	0	2	0	0	2	0	0	0	0	0	9	0	1	0	2	0	0	2	0	2	0	0	0	0	2	9	0	0	2	0	0	1	0	2	0	0	2	0	0	2	9	0	2	0	0	0	0	0	0	2	0	2	0
MTR34414	0	0	2	0	0	0	0	0	0	0	2	9	9	0	2	0	0	0	2	2	0	1	0	2	2	0	2	0	0	0	2	2	2	0	2	0	0	2	0	0	0	0	0	9	0	0	0	2	0	0	2	0	2	0	0	0	0	2	9	0	0	2	0	0	2	0	2	0	0	2	0	0	2	9	0	2	0	0	0	0	0	0	2	0	2	0
MTR976723	2	2	0	0	9	0	0	1	0	0	0	0	2	0	0	0	0	0	2	0	2	0	2	2	0	0	0	0	0	0	0	0	0	0	0	0	0	2	0	0	0	0	9	9	0	0	0	0	0	0	0	2	0	1	1	1	0	2	9	0	0	2	0	0	2	2	0	0	0	0	0	0	0	9	0	2	0	2	0	0	2	0	1	1	9	9
MTR978312	2	2	0	0	2	0	1	0	2	2	2	2	0	2	0	2	2	2	1	0	2	0	1	0	0	0	0	0	2	0	0	0	0	0	2	0	0	1	0	1	1	0	0	9	2	0	0	2	0	0	1	1	1	2	2	2	0	0	9	0	2	0	0	0	0	2	0	2	2	0	0	0	1	9	2	0	2	2	0	0	2	2	0	0	0	0
MTRX1468	0	0	2	0	0	0	0	0	0	0	2	9	9	0	2	0	0	0	2	2	0	2	0	2	2	0	9	0	0	0	9	9	9	9	2	9	9	9	9	9	9	0	0	9	0	2	0	1	1	0	2	0	2	0	0	0	0	2	9	0	0	2	0	0	2	0	2	0	0	2	1	0	2	9	0	2	0	0	0	0	0	0	2	0	2	0
MTRX1478	0	0	2	0	0	0	0	0	0	0	2	0	2	0	2	0	0	0	2	2	0	2	0	2	2	0	2	0	0	0	2	2	2	0	2	0	0	2	0	0	0	0	2	9	0	2	0	2	0	0	2	0	2	0	0	0	0	2	9	0	0	2	0	0	2	0	2	0	0	2	2	0	2	9	0	2	0	0	0	0	0	0	2	0	2	0
MUFAL9635	0	0	1	0	0	0	1	0	1	2	2	0	2	1	1	1	0	0	2	2	0	1	1	2	2	0	2	0	0	0	2	2	2	0	2	0	0	2	0	0	0	0	2	9	0	0	0	0	2	0	2	0	2	0	0	0	0	0	9	0	2	0	0	0	0	0	2	0	1	1	1	0	2	9	2	0	2	2	0	0	2	0	2	0	2	0
PJD409	0	2	0	0	0	0	0	2	2	2	0	0	0	9	9	9	0	0	9	0	0	0	2	0	0	2	0	2	2	2	0	0	0	0	0	2	2	0	2	0	0	2	9	9	0	0	0	0	0	2	0	0	0	2	0	0	0	0	9	0	0	0	0	0	0	0	0	2	0	0	9	9	9	9	0	0	0	0	2	2	0	0	0	0	0	0
UNIBAN1670	0	0	0	2	0	2	0	2	2	2	0	0	0	2	0	0	9	9	0	0	0	0	0	0	0	2	0	2	2	2	0	0	0	2	0	2	2	0	2	0	0	2	9	9	0	0	2	0	0	2	0	0	0	2	0	2	2	0	9	1	0	0	0	0	0	0	0	2	0	0	0	1	0	0	0	0	0	0	2	2	0	0	0	0	0	2
